>YAATTA	AC0001:DLX/LHX:Homeodomain	5.88932
0.014812	0.085107	0.008622	0.891459
0.868196	0.081842	0.037794	0.012168
0.990919	0.002737	0.003995	0.002349
0.00269	0.003078	0.007087	0.987145
0.012626	0.048229	0.096419	0.842726
0.638595	0.010997	0.330025	0.020383
>YAATTA	AC0001:DLX/LHX:Homeodomain	5.88932
0.014812	0.085107	0.008622	0.891459
0.868196	0.081842	0.037794	0.012168
0.990919	0.002737	0.003995	0.002349
0.00269	0.003078	0.007087	0.987145
0.012626	0.048229	0.096419	0.842726
0.638595	0.010997	0.330025	0.020383
>AATTRRYYAATT	AC0002:EMX/PAX:Homeodomain	6.15436
0.668586	0.140468	0.076402	0.114545
0.896772	0.031313	0.033975	0.03794
0.020612	0.030272	0.034773	0.914343
0.05328	0.06645	0.062583	0.817687
0.627433	0.049547	0.263468	0.059552
0.254748	0.205088	0.443879	0.096285
0.094888	0.43662	0.174723	0.293768
0.06725	0.267322	0.06943	0.595998
0.80879	0.059035	0.064032	0.068143
0.910892	0.040038	0.025343	0.023727
0.040868	0.032427	0.030108	0.896597
0.151267	0.061223	0.159145	0.628366
>YAATTA	AC0003:HOXB/BARHL:Homeodomain	6.0005
0.061277	0.058515	0.01988	0.860328
0.837687	0.050808	0.061683	0.049822
0.970973	0.006401	0.010139	0.012487
0.038064	0.02242	0.039854	0.899662
0.06788	0.081409	0.171106	0.679605
0.512596	0.031021	0.388895	0.067488
>YMATTA	AC0004:PAX/LHX:Homeodomain	5.44502
0.133301	0.119357	0.041161	0.70618
0.696846	0.075819	0.180546	0.046789
0.923801	0.025413	0.02487	0.025916
0.055114	0.093221	0.082394	0.769271
0.115221	0.135567	0.275638	0.473573
0.468973	0.098516	0.309705	0.122806
>TAATKR	AC0005:POU6F/NKX:Homeodomain	6.31874
0.032235	0.249031	0.015921	0.702812
0.313236	0.615267	0.042915	0.028582
0.867378	0.013166	0.118143	0.001313
0.000377	0.008425	0.00181	0.989388
0.00499	0.049411	0.019421	0.926178
0.900562	0.006371	0.061966	0.031101
>GCATMTCATTA	AC0006:POU3F/POU1F:Homeodomain,POU	6.67999
0.028714	0.009164	0.001321	0.960801
0.989711	0.001851	0.005834	0.002604
0.997031	0.001043	0.001073	0.000853
0.000439	0.010054	0.00212	0.987387
0.014909	0.04032	0.779626	0.165145
0.932318	0.005882	0.032534	0.029266
0.010606	0.100105	0.504943	0.384346
0.966061	0.006411	0.017753	0.009775
0.00187	0.003164	0.003369	0.991597
0.022515	0.002735	0.919093	0.055657
0.004801	0.944495	0.012714	0.03799
>CWWAWTKWSATRY	AC0007:POU2F:Homeodomain,POU	6.81377
0.5	0	0.5	0
0.16667	0.5	0	0.33333
1	0	0	0
0	0	0	1
0	0.33333	0.5	0.16667
0.33333	0.16667	0	0.5
0.5	0.5	0	0
1	0	0	0
0.33333	0	0.16667	0.5
0.166668	0	0.166668	0.666663
0.33333	0.16667	0.16667	0.33333
0.33333	0.16667	0	0.5
0	0.166668	0.666663	0.166668
>GATAAKRNYMTTATC	AC0008:GATA:GATA	6.24382
0.069635	0.06842	0.802395	0.05955
0.890285	0.03143	0.03289	0.045395
0.012965	0.049315	0.01017	0.92755
0.909545	0.031	0.027725	0.03173
0.88289	0.055985	0.0342	0.026925
0.05585	0.185216	0.325202	0.433732
0.27594	0.11723	0.430655	0.176175
0.26392	0.242165	0.225745	0.26817
0.188758	0.425791	0.118809	0.266642
0.43434	0.3194	0.196065	0.050195
0.036165	0.022645	0.070095	0.871095
0.036765	0.028155	0.040875	0.894205
0.91754	0.01607	0.05228	0.01411
0.04684	0.033835	0.032945	0.88638
0.060745	0.805405	0.06342	0.07043
>TGATTRRRTYA	AC0009:DUXA/DUX:Homeodomain	6.69435
0.122042	0.128632	0.03621	0.713115
0.73208	0.002283	0.261757	0.00388
0.991608	0.002242	0.003873	0.002277
0.079772	0.368949	0.061853	0.489427
0.004277	0.42256	0.178672	0.394492
0.005983	0.268765	0.084478	0.640774
0.940041	0.037098	0.015873	0.006988
0.99163	0.00258	0.00321	0.00258
0.000618	0.000438	0.002313	0.996631
0	0.961024	0.001448	0.037528
0.91243	0.008477	0.02801	0.051083
>TAATTWRATTA	AC0010:PROP/ALX:Homeodomain	6.2377
0.095116	0.049292	0.017036	0.838556
0.875602	0.009622	0.07004	0.044736
0.987416	0.00437	0.004126	0.004088
0.038947	0.152416	0.019164	0.789473
0.041593	0.296416	0.120069	0.541922
0.355304	0.183645	0.167969	0.293082
0.595305	0.131389	0.241178	0.032128
0.843874	0.026399	0.105725	0.024002
0.005868	0.008595	0.00482	0.980717
0.053304	0.070216	0.00871	0.86777
0.870547	0.015172	0.03959	0.074691
>YKYATTWYSVATG	AC0011:POU3F:Homeodomain,POU	6.312
0.083331	0.750008	0.083331	0.083331
0.91667	0	0	0.08333
0.08333	0	0	0.91667
0.1	0.3	0.3	0.3
0.1	0.5	0.3	0.1
0.4	0	0.4	0.2
0.5	0	0	0.5
1	0	0	0
1	0	0	0
0.08333	0	0	0.91667
0.33333	0.16667	0.41667	0.08333
0.500005	0.333333	0.083331	0.083331
0.416666	0	0.416666	0.166668
>KGAWTWAVAVT	AC0012:POU3F:Homeodomain,POU	6.20447
0.666663	0.166668	0.166668	0
0	0.333333	0.333333	0.333333
0	0.166668	0.166668	0.666663
0	0.333333	0.333333	0.333333
0.166668	0	0.166668	0.666663
0.66667	0	0	0.33333
1	0	0	0
0.33333	0	0	0.66667
0.16667	0	0	0.83333
0	0.666663	0.166668	0.166668
0.33333	0.5	0.16667	0
>ACTTYATTAGKAA	AC0013:ZNF:C2H2_ZF	6.3184
0.09914	0.02442	0.06466	0.81178
0.01293	0.04167	0.03017	0.91523
0.622124	0.277297	0.099139	0.00144
0.03592	0.84052	0.03592	0.08764
0.00144	0.05316	0.01293	0.93247
0.63937	0.08764	0.04167	0.23132
0.78305	0.00144	0.1681	0.04741
0.00718	0.02442	0.00718	0.96122
0.242818	0.104889	0.455455	0.196838
0.604884	0.219828	0.110629	0.064659
0.760052	0.00144	0.116379	0.122129
0.00718	0.00144	0.96696	0.02442
0.12787	0.19684	0.21983	0.45546
>RWTTK	AC0014:FOXR/LCORL:Forkhead	5
0.230065	0.471605	0.09415	0.20418
0.855285	0.02156	0.064405	0.05875
0.851321	0.08043	0.003605	0.064645
0.597587	0.047625	0.094135	0.260654
0.211085	0.41221	0.071805	0.3049
>ATTA	AC0015:PAX/VSX:Homeodomain	5
0.174468	0.155307	0.091907	0.578318
0.602239	0.112644	0.164437	0.12068
0.737435	0.066807	0.093324	0.102433
0.092642	0.149908	0.119619	0.637831
>CAWWTACGG	AC0016:MSX:Homeodomain	5.64985
0.15385	0.61538	0.07692	0.15385
0.23077	0.30769	0.23077	0.23077
0.07692	0.23077	0.53846	0.15385
0.076921	0.076921	0.076921	0.769238
0.615386	0.076921	0.076921	0.230772
0.53846	0.15385	0	0.30769
0.30769	0.15385	0.15385	0.38461
0	0.076921	0.076921	0.846158
0.076921	0.076921	0.769238	0.076921
>ATTWKSVWAAT	AC0017:POU2F:Homeodomain,POU	5.93544
0.65451	0.13052	0.21497	0
0.05618	0.05618	0.12135	0.76629
0.05063	0.20253	0.02743	0.71941
0.6875	0.02016	0.02218	0.27016
0.05294	0.27353	0.34412	0.32941
0.01759	0.486805	0.431084	0.064521
0.416424	0.258063	0.161292	0.164222
0.225	0.06458	0	0.71042
0.789358	0.064811	0.064811	0.081021
0.8525	0.135	0	0.0125
0.03505	0.22062	0.04124	0.70309
>YYRATM	AC0018:CUX:CUT,Homeodomain	5.19181
0.154942	0.08492	0.34299	0.417147
0.946125	0.00229	0.005633	0.045952
0.017445	0.02079	0.000233	0.961532
0.089835	0.490847	0.031707	0.38761
0.260052	0.030135	0.641716	0.068097
0.35324	0.113173	0.452543	0.081043
>WWDWKTGHWWHDRDGDYAATT	AC0019:TLX/PAX:Homeodomain	5.69849
0.793233	0.05788	0.053045	0.095842
0.87461	0.01721	0.041205	0.066975
0.155059	0.056877	0.047712	0.740352
0.137932	0.05918	0.131738	0.67115
0.245902	0.018493	0.66531	0.070295
0.263053	0.28552	0.223167	0.22826
0.228611	0.301831	0.241277	0.228282
0.266496	0.291808	0.201448	0.240248
0.237235	0.28951	0.188495	0.28476
0.270762	0.228462	0.204082	0.296694
0.316731	0.216016	0.227303	0.239951
0.303328	0.212512	0.192702	0.291458
0.325096	0.200113	0.175531	0.299261
0.301304	0.220965	0.230193	0.247537
0.209327	0.386576	0.184548	0.219548
0.354933	0.228272	0.182669	0.234126
0.35353	0.370508	0.136145	0.139817
0.333509	0.154495	0.165065	0.346931
0.322757	0.325599	0.067077	0.284567
0.403433	0.157065	0.089795	0.349706
0.324433	0.178769	0.100274	0.396523
>AATTGBBBDDHHVVVCAATT	AC0020:TLX:Homeodomain	6.42708
0.92208	0.02165	0.0303	0.02597
0.94667	0.00444	0.03111	0.01778
0.056031	0.02155	0.00431	0.918109
0.05495	0.06227	0.10256	0.78022
0.01802	0.01802	0.95945	0.00451
0.127359	0.334907	0.273587	0.264147
0.16901	0.23944	0.25822	0.33333
0.174528	0.301887	0.283017	0.240568
0.25822	0.16901	0.27699	0.29578
0.271027	0.158878	0.271027	0.299067
0.286387	0.286387	0.117369	0.309857
0.311317	0.254717	0.193398	0.240568
0.253523	0.276993	0.305163	0.164322
0.30986	0.28169	0.23944	0.16901
0.267607	0.262907	0.319247	0.150238
0.00893	0.95089	0.01786	0.02232
0.780212	0.095239	0.04396	0.080589
0.90254	0.00847	0.02119	0.0678
0.01389	0	0	0.98611
0.02174	0.03044	0.02174	0.926081
>WTWAWW	AC0021:HOXD/FOXC:Homeodomain	5
0.434628	0.198858	0.104687	0.261826
0.484737	0.057908	0.143583	0.313772
0.078657	0.073933	0.035319	0.812091
0.379395	0.111334	0.068824	0.440446
0.809613	0.037682	0.06154	0.091165
0.340821	0.219129	0.084986	0.355063
>RWTWARHRVCRWTTA	AC0022:BARHL/BARX:Homeodomain	6.31686
0.0664	0.017823	0.005933	0.909843
0.927476	0.00348	0.023307	0.045737
0.988857	0.002993	0.004687	0.003463
0.291702	0.040417	0.116548	0.551333
0.073446	0.370037	0.129136	0.42738
0.125983	0.04566	0.744297	0.08406
0.193138	0.264551	0.285064	0.257248
0.13896	0.239656	0.105143	0.516241
0.295599	0.210529	0.254112	0.239759
0.203392	0.247276	0.106637	0.442695
0.09679	0.031093	0.019807	0.85231
0.606213	0.005627	0.009823	0.378337
0.980913	0.00292	0.011397	0.00477
0.617927	0.011167	0.063567	0.307339
0.07028	0.275877	0.08937	0.564473
>GYMATWA	AC0023:HOXA/CDX:Homeodomain	5.61425
0.197943	0.007277	0.050553	0.744227
0.391316	0.058993	0.094773	0.454919
0.99317	0	0.004177	0.002653
0.063933	0.204088	0.13625	0.595729
0.06789	0.095547	0.465808	0.370756
0.34179	0	0.65821	0
0.075963	0.631213	0.129537	0.163287
>ATWANBRGBYAATTA	AC0024:POU3F/HESX:Homeodomain	5.628
0.119374	0.128332	0.054648	0.697646
0.684091	0.085901	0.128188	0.10182
0.848755	0.031392	0.054841	0.065012
0.064029	0.07104	0.094174	0.770757
0.113123	0.098679	0.212467	0.57573
0.441656	0.081339	0.341305	0.1357
0.229038	0.245046	0.364871	0.161046
0.232892	0.277047	0.247607	0.242454
0.205418	0.265329	0.221955	0.307298
0.262928	0.246831	0.269727	0.220514
0.268496	0.258885	0.229371	0.243248
0.191044	0.198418	0.167207	0.443332
0.389629	0.208042	0.173097	0.229232
0.494271	0.154779	0.175592	0.175358
0.174952	0.185437	0.180839	0.458773
>GATMYTAATSGTGYA	AC0025:ZNF:C2H2_ZF	6.13854
0.068069	0.096099	0.069069	0.766762
0.653	0.03	0.292	0.025
0.046	0.859	0.05	0.045
0.567	0.18	0.205	0.048
0.01502	0.84084	0.01301	0.13113
0.204	0.239	0.513	0.044
0.614	0.217	0.083	0.086
0.00601	0.04805	0.01702	0.928921
0.007	0.112	0.221	0.66
0.684687	0.133131	0.175172	0.00701
0.53554	0.08508	0.30731	0.07207
0.113	0.181	0.339	0.367
0.834	0.04	0.098	0.028
0.006	0.074	0.052	0.868
0.04196	0.9011	0.02098	0.03596
>CAMTTA	AC0026:HMX/ISL:Homeodomain	5.76915
0.124223	0.068243	0.01466	0.792874
0.807907	0.000412	0.118836	0.072845
0.971766	0.01736	0.005075	0.005799
0.041038	0.015625	0.559842	0.383495
0.012749	0.073599	0.00763	0.906022
0.078581	0.008368	0.894781	0.01827
>CACTTR	AC0027:NKX:Homeodomain	5.89258
0.054867	0.295215	0.14588	0.504038
0.866626	0.004768	0.124412	0.004194
0.987699	0.004912	0.003677	0.003712
0.001344	0.00056	0.990869	0.007227
0.03505	0.001428	0.012379	0.951143
0.127279	0.003562	0.864631	0.004528
>GYCWVCWYTTRBWRTTKYC	AC0028:ZNF:C2H2_ZF	6.5692
0.23075	0.03298	0.69663	0.03964
0.628534	0.107609	0.247538	0.01632
0.251403	0.552036	0.056971	0.139591
0.83989	0.03164	0.07696	0.05151
0.55871	0.08682	0.17957	0.1749
0.14212	0.27885	0.06696	0.51207
0.51672	0.12693	0.04098	0.31537
0.27418	0.33815	0.23954	0.14813
0.0343	0.68598	0.01632	0.2634
0.9657	0.01632	0.00899	0.00899
0.933709	0.02499	0.03231	0.00899
0.29817	0.001	0.69983	0.001
0.308827	0.005	0.001	0.685173
0.00833	0.001	0.98967	0.001
0.001	0.291513	0.294043	0.413444
0.2462	0.09494	0.02432	0.63454
0.0643	0.06763	0.72915	0.13892
0.52139	0.01699	0.40945	0.05217
0.02432	0.77778	0.01299	0.18491
>KTGAGTG	AC0029:NKX/MSANTD:[Homeo_domain_factors]	6.14924
0.036498	0.836024	0.01511	0.112368
0.890168	0.026142	0.00603	0.07766
0.021458	0.932078	0.0175	0.028964
0.023944	0.009476	0.004948	0.961632
0.030518	0.880424	0.021662	0.067396
0.76503	0.148634	0.026518	0.059818
0.593833	0.254537	0.064764	0.086866
>YACTYR	AC0030:NKX:Homeodomain	5.20458
0.157695	0.297663	0.173334	0.371308
0.589393	0.04904	0.250738	0.110829
0.848034	0.017622	0.010832	0.123512
0.09444	0.055375	0.701613	0.148572
0.221381	0.03925	0.150079	0.58929
0.287327	0.039452	0.579971	0.09325
>CWCTYM	AC0031:NKX:Homeodomain	5.63736
0.076151	0.114231	0.537075	0.272543
0.422846	0.03407	0.519035	0.02405
0.97996	0.01603	0	0.00401
0.03607	0.00401	0.95992	0
0.54509	0.06012	0.01804	0.37675
0.1984	0.002	0.76954	0.03006
>TRATTGCAATYA	AC0032:LHX:Homeodomain	6.53896
0.04308	0.038276	0.017656	0.900988
0.505555	0.012446	0.465937	0.016062
0.959892	0.009718	0.025468	0.004922
0.018894	0.035594	0.038156	0.907356
0.016396	0.02936	0.029842	0.924402
0.10791	0.011472	0.879598	0.00102
0.004868	0.885186	0.012988	0.096958
0.920476	0.030916	0.03286	0.015748
0.931868	0.031926	0.020628	0.015578
0.006852	0.02802	0.017144	0.947984
0.018118	0.522659	0.009544	0.449679
0.900614	0.012286	0.03844	0.04866
>TAAATGGWCTAAA	AC0033:ZNF354A/ZNF354B:C2H2_ZF	6.40588
0.096717	0.043907	0.08784	0.771536
0.135153	0.055137	0.013183	0.796527
0.004327	0.03395	0.01882	0.942903
0.910141	0.007143	0.04981	0.032907
0.177241	0.007413	0.579644	0.235702
0.299047	0.179577	0.098373	0.423003
0.039077	0.731397	0.045387	0.184139
0.060097	0.892871	0.002853	0.04418
0.867857	0.107523	0.01184	0.01278
0.025127	0.026197	0.008753	0.939923
0.002853	0.00218	0.006477	0.98849
0.096613	0.118213	0.087493	0.697681
0.739801	0.08387	0.089373	0.086957
>CRTTTA	AC0034:BARHL:Homeodomain	6.05033
0.036335	0.000788	0.000485	0.962392
0.854762	0.004259	0.012078	0.128901
0.993243	0.002877	0.000126	0.003754
0.721548	0.010584	0.06056	0.207308
0.006408	0.682045	0.003206	0.308341
0.079292	9e-05	0.866828	0.05379
>TAATCGKTTWYCSATTA	AC0035:VENTX:Homeodomain	6.81559
0.00555	0.00091	0.00204	0.9915
0.98934	0.00268	0.00698	0.001
0.98594	0.0064	0.00659	0.00107
0.00097	0.00256	0.00461	0.99186
0.0058	0.504525	0.373766	0.115909
0.03712	0.04102	0.904819	0.01704
0.288787	0.067159	0.622404	0.02165
0.709157	0.00254	0.01297	0.275333
0.885691	0.00265	0.0031	0.108559
0.879121	0.01748	0.0029	0.100499
0.59734	0.231	0.15365	0.01801
0.00556	0.98827	0.00325	0.00292
0.06578	0.05947	0.87363	0.00112
0.9896	0.0071	0.00075	0.00255
0.00091	0.00046	0.00154	0.99709
0.00066	0.00165	0.00066	0.99703
0.99037	0.00082	0.00145	0.00736
>GTAAACATGTTTAC	AC0036:FOXO:Forkhead	6.97196
0.13895	0.005853	0.853057	0.00214
0.039645	0.02855	0.007327	0.924478
0.801045	0.192625	0.00079	0.00554
0.978535	0.013098	0.004672	0.003695
0.99828	0.000742	0.00039	0.000588
0.00093	0.97823	0.00048	0.02036
0.988808	0.000387	0.001713	0.009092
0.026752	0.005727	0.002518	0.965003
0.032197	0.001118	0.96596	0.000725
0.00376	0.007332	0.00179	0.987118
0.008313	0.002512	0.019492	0.969683
0.010022	0.00347	0.195203	0.791305
0.903886	0.01547	0.015332	0.065312
0.003342	0.803308	0.00766	0.18569
>TRTTGTAAAYA	AC0037:FOXJ:Forkhead	6.91325
0.02348	0.082185	0.01638	0.877954
0.447677	0.034865	0.511283	0.006175
0	0.010415	0.005955	0.98363
0.0029	0	0.062301	0.934799
0.000665	0.000395	0.124756	0.874184
0.96372	0.00577	0.01248	0.01803
0.00361	0.99004	0	0.00635
0.995135	0.003	0.00091	0.000955
0.995325	0.00052	0	0.004155
0.010095	0.703205	0	0.2867
0.90165	0.01005	0.077495	0.010805
>TGTTTAY	AC0038:FOXO/FOXP:Forkhead	5.99197
0.233666	0.026164	0.723901	0.01627
0.064333	0.015545	0.020049	0.900073
0.907455	0.064544	0.009155	0.018846
0.947048	0.02121	0.008237	0.023505
0.971106	0.010132	0.007309	0.011453
0.020461	0.901293	0.010559	0.067687
0.970626	0.009491	0.00792	0.011963
>AYRTMAACA	AC0039:FOXD/FOXK:Forkhead	5.7283
0.070204	0.096855	0.021209	0.811732
0.129258	0.00563	0.863753	0.001359
0.045525	0.072152	0.036246	0.846077
0.04485	0.01084	0.149949	0.794361
0.02108	0.017478	0.261667	0.699775
0.72753	0.027167	0.177227	0.068075
0.004514	0.663523	0.053833	0.27813
0.270237	0.144078	0.426978	0.158706
0.158318	0.222749	0.130919	0.488014
>TRTTTAYWT	AC0040:FOXA/FOXC:Forkhead	6.53008
0.536668	0.129276	0.228765	0.105291
0.440382	0.114759	0.144311	0.300547
0.336951	0.021871	0.623522	0.017656
0.058639	0.198048	0.013743	0.72957
0.858265	0.123534	0.004732	0.013469
0.948199	0.035265	0.006129	0.010407
0.966477	0.005756	0.019766	0.008001
0.004093	0.726315	0.007551	0.262041
0.959451	0.005786	0.018451	0.016312
>KTWSWTT	AC0041:SRY:Sox	5.85646
0.82609	0	0	0.17391
0.95652	0	0	0.04348
0.69565	0	0.04348	0.26087
0	0.73913	0.26087	0
0.608694	0	0.04348	0.347827
0.56522	0.21739	0.08696	0.13043
0.521735	0.347827	0.086959	0.04348
>GYMAATATTKAC	AC0042:FOXA/FOXB:Forkhead	7.03232
0.171095	0.03605	0.764547	0.028308
0.054888	0.201654	0.013872	0.729586
0.529455	0.425752	0.004215	0.040578
0.962027	0.01933	0.005421	0.013222
0.966969	0.008715	0.003268	0.021048
0.000575	0.084368	0.002116	0.912941
0.902559	0.001928	0.094315	0.001198
0.026492	0.006639	0.008189	0.95868
0.014618	0.006119	0.017434	0.961829
0.124107	0.004398	0.271872	0.599623
0.561988	0.013259	0.332685	0.092068
0.033732	0.687657	0.044978	0.233633
>YATTTATGTWTAYR	AC0043:FOXR:Forkhead	7.05219
0.066364	0.418286	0.03105	0.4843
0.5942	0.055255	0.34511	0.005435
0.01175	0.125455	0.00054	0.862255
0.999005	0.000665	0.00033	0
0.574035	0.014745	0.14892	0.2623
0.925115	3e-04	0.073095	0.00149
3e-04	0.928795	0	0.070905
0.986515	0.005605	0.00624	0.00164
0.00247	0.00033	0.00066	0.99654
0.995035	0.00064	0.00234	0.001985
0.765175	0.0516	0.035325	0.1479
0.99604	0.00132	0.00132	0.00132
0.18657	0.091995	0.065805	0.65563
0.51814	0.07075	0.404675	0.006435
>YATATAYAYAYAYAYAYAYAYA	AC0044:ZSCAN:C2H2_ZF	12.7074
0.0438	0.06204	0.06204	0.83212
0.51095	0	0.45255	0.0365
0.04745	0.105839	0.02555	0.821162
0.58759	0.04015	0.34671	0.02555
0.0292	0.07299	0.01095	0.88686
0.59854	0.04015	0.36131	0
0	0.07299	0.01095	0.91606
0.75182	0.0073	0.23723	0.00365
0.0365	0.08394	0	0.87956
0.55839	0	0.44161	0
0	0.00365	0.0292	0.96715
0.401456	0.04745	0.551094	0
0.00365	0.0073	0.0146	0.97445
0.536495	0	0.423356	0.04015
0.02555	0.07664	0.0073	0.89051
0.72628	0	0.27372	0
0	0.0438	0	0.9562
0.75182	0.01825	0.17518	0.05475
0	0.05839	0	0.94161
0.832112	0.01095	0.127739	0.0292
0	0.142339	0.0292	0.828462
0.63139	0.05839	0.27737	0.03285
>ATGACTKBKMMBYTMGAYCRA	AC0045:ZNF:C2H2_ZF	6.81135
0.0115	0.053375	0.041775	0.893349
0.164916	0.321312	0.123856	0.389917
0.075505	0.00135	0.898166	0.02498
0.688065	0.000485	0.31129	0.00016
0.00055	0.00039	0.000725	0.998335
0.000205	0.990545	0.00025	0.009
0.00643	0.026845	0.42791	0.538815
0.614297	0.214029	0.09533	0.076345
0.453893	0.01821	0.467593	0.060305
0.272306	0.296321	0.312252	0.119121
0.096144	0.099609	0.557229	0.247018
0.056519	0.084979	0.575329	0.283172
0.314165	0.361545	0.158745	0.165545
0.39174	0.243965	0.25306	0.111235
0.34289	0.44011	0.147885	0.069115
0.877801	0.00543	0.112734	0.004035
0.01196	0.078335	0.90333	0.006375
0.00279	0.050785	0.00101	0.945415
0.000265	0.990135	0.00942	0.00018
0.988455	3e-04	0.00074	0.010505
0.00017	0.00303	0.000905	0.995895
>TGCTGAGTCA	AC0046:BACH/NFE:bZIP	6.51817
0.010184	0.015954	0.021722	0.95214
0.019411	0.011319	0.936689	0.032581
0.950149	0.027483	0.011468	0.0109
0.034287	0.739807	0.183329	0.042577
0.081291	0.029736	0.028361	0.860612
0.069605	0.862759	0.025739	0.041897
0.903994	0.014317	0.04055	0.041139
0.029319	0.029179	0.859578	0.081924
0.031957	0.870353	0.054097	0.043593
0.686828	0.086619	0.106848	0.119705
>GGGTGARKMAKCAG	AC0047:ZNF:C2H2_ZF	6.82244
0.092489	0.902011	0.00458	0.00092
0.173078	0.00092	0.00092	0.825082
0.01191	0.125459	0.861711	0.00092
0.707873	0.242668	0.04854	0.00092
0.00092	0.165748	0.00092	0.832412
0.00458	0.00092	0.293957	0.700543
0.766472	0.231688	0.00092	0.00092
0.08883	0.23901	0.00092	0.67124
0.1804	0.21703	0.00092	0.60165
0.00092	0.98992	0.00092	0.00824
0.817762	0.00824	0.173078	0.00092
0.00458	0.74817	0.0815	0.16575
0.00824	0.95329	0.00092	0.03755
0.088829	0.905671	0.00458	0.00092
>GTCATBBHDYW	AC0048:NFE2L/JUN:bZIP	5.70778
0.251017	0.212	0.203607	0.333377
0.281889	0.238358	0.285555	0.194198
0.280192	0.264652	0.192774	0.262382
0.30851	0.187687	0.258083	0.24572
0.239207	0.234637	0.30394	0.222217
0.264754	0.239081	0.344664	0.151501
0.686942	0.083847	0.208924	0.020287
0.01111	0.005747	0.008757	0.974386
0.026373	0.00059	0.941994	0.031043
0.97814	0.002353	0.010177	0.00933
0.02272	0.673149	0.179528	0.124603
>TGASTCAY	AC0049:JUND/JUN:bZIP	6.61206
0.618654	0.099822	0.251103	0.030421
0.003429	0.009957	0.004701	0.981913
0.004659	0.010686	0.949961	0.034694
0.96037	0.019868	0.007027	0.012735
0.035348	0.651494	0.265073	0.048085
0.026521	0.006916	0.073558	0.893005
0.057297	0.923414	0.011541	0.007748
0.975437	0.005815	0.012355	0.006393
>GTGAGTCMAYAAR	AC0050:ZSCAN5C:C2H2_ZF	6.24189
0.06798	0.23465	0.13816	0.55921
0.11184	0.17909	0.10892	0.60015
0.06798	0.20833	0.06506	0.65863
0.47149	0.03582	0.48319	0.0095
0.07675	0.06798	0.12939	0.72588
0.202482	0.0095	0.243422	0.544595
0.23465	0.1557	0.48026	0.12939
0.94517	0.01243	0.00073	0.04167
0.00073	0.80483	0.07675	0.11769
0.00073	0.0212	0.04167	0.9364
0.01827	0.778518	0.202482	0.00073
0.72295	0.08553	0.07675	0.11477
0.00073	0.89839	0.05044	0.05044
>TYTCRWWATGASTC	AC0051:BATF/IRF:bZIP	6.07905
0.0608	0.19438	0.559831	0.18499
0.773516	0.036842	0.0328	0.156842
0.041452	0.365369	0.461685	0.131494
0.027726	0.0184	0.0032	0.950674
0.087136	0.882232	0.026168	0.004464
0.9876	0.0068	0.0016	0.004
0.204822	0.07419	0.160084	0.560905
0.518378	0.083348	0.016948	0.381326
0.290336	0.185684	0.110864	0.413116
0.134274	0.417895	0.102694	0.345137
0.21579	0.142948	0.490799	0.150464
0.539537	0.079558	0.245894	0.13501
0.472968	0.114464	0.292948	0.11962
0.797074	0.097094	0.027264	0.078568
>AWTGAGW	AC0052:ZNF:C2H2_ZF	5.83886
0.46288	0.04504	0.14161	0.35047
0.088341	0.911239	0.00021	0.00021
0.091741	0.00021	0.00021	0.907839
0.088341	0.819708	0.00021	0.091741
0.99937	0.00021	0.00021	0.00021
0.633026	0.00021	0.00021	0.366554
0.12935	0.02847	0.12	0.72218
>AAAS	AC0053:PAX:Homeodomain,Paired_box	5
0.13514	0.32432	0.54054	0
0.02703	0	0	0.97297
0	0	0	1
0.02703	0.05405	0	0.91892
>GCATTTACGA	AC0054:ELK/ETV:Ets	6.17278
0.10494	0.126162	0.070625	0.698272
0.04357	0.939515	0	0.016915
0.00396	0	0.99463	0.00141
0.015097	0.004488	0.119473	0.860942
0.979811	0.004417	0.007692	0.00808
0.965438	0.013572	0.007955	0.013035
0.955364	0.002103	0.03451	0.008023
0.000567	0.06688	0.029287	0.903266
0.111035	0.161312	0.704042	0.023612
0.08627	0.782096	0.054818	0.076815
>TTTACGA	AC0055:HOXC/HOXD:Homeodomain	6.20339
0.012685	0.039696	0.005563	0.942056
0.021332	0.937785	0.004131	0.036752
0.159413	0.000947	0.836346	0.003294
0.002313	0.003114	0.001482	0.993091
0.816269	0.004467	0.004464	0.1748
0.971567	0.005406	0.002167	0.02086
0.926984	0.03189	0.008487	0.032639
>YMATAAAA	AC0056:HOXC/HOXA:Homeodomain	6.2991
0.109403	0.078757	0.143106	0.668734
0.020221	0.006519	0.026003	0.947257
0.024692	0.003694	0.002907	0.968707
0.144011	0.011884	0.012786	0.831319
0.979253	0.002416	0.003316	0.015015
0.019425	0.049285	0.014889	0.916401
0.064779	0.029167	0.326116	0.579938
0.383073	0.012375	0.583151	0.021401
>SSYWTWTATA	AC0057:TBP/ZNF:TBP	6.08158
0.03231	0.080937	0.044948	0.841804
0.867489	0	0.014315	0.118196
0.0156	0.0246	0.018967	0.940833
0.916615	0.0151	0.016493	0.051792
0.709036	0.00839	0.006712	0.275862
0.870874	0.008887	0.109174	0.011065
0.558095	0.004247	0.164766	0.272892
0.399487	0.077603	0.455708	0.067202
0.10626	0.348806	0.458836	0.086098
0.185007	0.336888	0.353607	0.124497
>TTTATG	AC0058:CDX:Homeodomain	5.7165
0	0.79391	0	0.20609
0.62724	0.03226	0.09319	0.24731
0.03226	0.16129	0	0.80645
0.75269	0.12903	0.05376	0.06452
0.93548	0.03226	0	0.03226
0.87097	0.09677	0	0.03226
>GGATYAK	AC0059:RHOXF/DPRX:Homeodomain	5.67305
0.413421	0.265642	0.104985	0.215952
0.111789	0.021645	0.014259	0.852307
0.570821	0.05986	0.242968	0.126351
0.973804	0.00691	0.012259	0.007027
0.028939	0.02212	0.192055	0.756886
0.084027	0.807216	0.055822	0.052935
0.059131	0.676319	0.069979	0.194571
>TAATCCGMTTA	AC0060:OTX:Homeodomain	6.3201
0.08468	0.03084	0.013405	0.871075
0.917675	0.006855	0.027875	0.047595
0.97336	0.004795	0.01527	0.006575
0.03045	0.02346	0.285339	0.660752
0.167049	0.802791	0.020615	0.009545
0.02375	0.00983	0.943145	0.023275
0.002595	0.060005	0.924725	0.012675
0.83254	0.130095	0.013255	0.02411
0	0.00257	0.000325	0.997105
0.0167	0.018855	0.003785	0.96066
0.94058	0.004725	0.02067	0.034025
>GGATTA	AC0061:PITX/OTX:Homeodomain	6.24271
0.019436	0.009649	0.001933	0.968982
0.955019	0.005514	0.026127	0.01334
0.995367	0.001442	0.000389	0.002802
0.004095	0.004061	0.077176	0.914668
0.029774	0.909929	0.028913	0.031384
0.029128	0.81923	0.046495	0.105147
>TCGTTRA	AC0062:NKX:Homeodomain	5.64534
0.187513	0.017815	0.095805	0.698867
0.02843	0.545323	0.153227	0.27302
0.921178	0.009782	0.045742	0.023298
0.899872	0.030173	0.01137	0.058585
0	0.890643	0.032865	0.076492
0.037085	0.163598	0.777944	0.021372
0.580069	0.196673	0.062843	0.160415
>TCRTTA	AC0063:HOXB/LHX:Homeodomain	6.28748
0.046099	0.056066	0.02209	0.875745
0.792799	0.024005	0.064169	0.119027
0.896233	0.013697	0.062428	0.027642
0.002022	0.529736	0.007727	0.460515
0.065949	0.03901	0.822863	0.072178
0.65739	0.13436	0.075187	0.133063
>ATGTCGTTAYTG	AC0064:NKX:Homeodomain	6.68199
0.02669	0.90372	0.02616	0.04343
0.81074	0.02962	0.11998	0.03966
0.5169	0.01854	0.45202	0.01254
0.00876	0.09798	0.00985	0.88341
0.99496	0	0.00504	0
0.99888	0	0.00112	0
0	0.99274	0.00447	0.00279
0	0.01775	0.97948	0.00277
0.99607	0	0.00056	0.00337
0	0.914821	0.00789	0.077289
0.8917	0	0.04757	0.06073
0.0358	0.1523	0.00908	0.80282
>TMATCATCATTA	AC0065:MEOX:Homeodomain	6.76436
0.04335	0.02729	0.01415	0.915211
0.80773	0.00337	0.15828	0.03062
0.98252	0.00386	0.00374	0.00988
0.00609	0.01911	0.00143	0.97337
0.01151	0.00145	0.78851	0.19853
0.98407	0.00229	0.01207	0.00157
0.00085	0.0063	0.00497	0.98788
0.142141	0.01103	0.817538	0.02929
0.98382	0.00785	0.00326	0.00507
0.00398	0.00916	0.00398	0.98288
0.03789	0.01499	0.4079	0.53922
0.809812	0.01153	0.133049	0.04561
>TCACGTGA	AC0066:USF/BHLHE:bHLH	6.38195
0.085079	0.109596	0.126198	0.679127
0.007805	0.975039	0.014597	0.002559
0.96353	0.006876	0.016566	0.013028
0.001843	0.869233	0.02379	0.105134
0.097805	0.047054	0.853347	0.001794
0.015306	0.021198	0.007464	0.956032
0.002627	0.014127	0.978509	0.004737
0.655884	0.140334	0.136746	0.067036
>GCCACGTGK	AC0067:CREB3L/ATF6B:bZIP	6.27609
0.323126	0.581706	0.053805	0.041363
0.060591	0.747591	0.093024	0.098795
0.879193	0.009088	0.097305	0.014414
0.004523	0.944969	0.009789	0.040719
0.0152	0.009059	0.970941	0.0048
0.007112	0.031355	0.007752	0.953781
0.046175	0.055309	0.844717	0.053799
0.037023	0.02778	0.78987	0.145327
0.06706	0.835262	0.032095	0.065583
>CAYGYG	AC0068:HEY/CLOCK:bHLH	5.8112
0.080095	0.782669	0.046897	0.090339
0.625766	0.028532	0.294612	0.05109
0.02921	0.80117	0.025927	0.143693
0.326658	0.042356	0.604332	0.026654
0.041553	0.212693	0.020566	0.725187
0.080904	0.038652	0.806288	0.074156
>CACGTG	AC0069:MAX/HES:bHLH	5.77837
0.018081	0.968889	0.005479	0.007551
0.890442	0.009571	0.075845	0.024142
0.002498	0.910917	0.004863	0.081722
0.053359	0.008839	0.935566	0.002236
0.00647	0.086772	0.003633	0.903125
0.005855	0.005415	0.97958	0.00915
>CGCGAGCMARCA	AC0070:ZNF:C2H2_ZF	6.64595
0.074205	0.027935	0.141756	0.756104
0.000625	0.00262	0.994695	0.00206
0.030415	0.575253	0.0474	0.346932
0.062085	0.01351	0.091855	0.832551
0.01619	0.009325	0.679845	0.29464
0.00352	0.007965	0.98469	0.003825
0.085435	0.89875	0.005415	0.0104
0.171869	0.05679	0.140864	0.630477
0	0.96841	0	0.03159
0.001755	0.000875	0.995815	0.001555
0.00097	0.79112	0.000715	0.207195
0.00613	0.006815	0.97377	0.013285
>ACGTGCACGCGCA	AC0071:ZBTB:C2H2_ZF	6.87655
0.041618	0.125443	0.072387	0.760552
0.020365	0.046725	0.83822	0.09469
0.038687	0.90262	0.026775	0.031918
0.067265	0.00294	0.899958	0.029837
0.037058	0.933102	0.01776	0.01208
0.034722	0.000682	0.957658	0.006938
0.003077	0.09481	0.048787	0.853326
0.004752	0.016588	0.896085	0.082575
0.00513	0.987967	0.002675	0.004228
0.944561	0.037452	0.010622	0.007365
0.00073	0.933332	0.00338	0.062558
0.04642	0.01325	0.926965	0.013365
0.126515	0.247938	0.025453	0.600094
>KCACGT	AC0072:HIF1A/ARNT:bHLH	5.99055
0.847114	0.011404	0.132649	0.008833
0.021375	0.94117	0.005375	0.03208
0.013503	0.004375	0.975372	0.00675
0.00188	0.013959	0.002278	0.981883
0.027589	0.01473	0.951778	0.005903
0.274984	0.578433	0.05809	0.088493
>TYGCGTG	AC0073:AHR:bHLH	6.32148
0	1	0	0
0.97309	0.00456	0.02235	0
0.00228	0.97024	0.00513	0.02235
0.01369	0.0097	0.97661	0
0.02748	0.94742	0.00856	0.01654
0.439416	0.134499	0.285027	0.141059
0.6271	0.22515	0.0771	0.07065
>MCAGATGT	AC0074:ZBTB/TWIST:C2H2_ZF	6.43623
0.665984	0.16694	0.126235	0.040841
0.011217	0.976747	0.006357	0.005679
0.944586	0.033975	0.014418	0.007021
0.022351	0.025017	0.148767	0.803865
0.0359	0.932955	0.026079	0.005066
0.009613	0.004605	0.00324	0.982542
0.002467	0.003078	0.988627	0.005828
0.018789	0.140137	0.615194	0.22588
>RACAGCTGTT	AC0075:MYOD/MYOG:bHLH	6.35428
0.637184	0.089542	0.231686	0.041588
0.63622	0.213207	0.111432	0.039141
0.00644	0.983786	0.00388	0.005894
0.95912	0.008365	0.017701	0.014814
0.073588	0.098031	0.653235	0.175146
0.142788	0.749381	0.072142	0.035689
0.008028	0.014725	0.004042	0.973205
0.005941	0.002055	0.98547	0.006534
0.134835	0.130847	0.129512	0.604806
0.022415	0.477331	0.074927	0.425327
>CASSTGYWTCCG	AC0076:ERF::FIGLA/ETV2::FIGLA:['Tryptophan_cluster_factors',_'Basic_helix-loop-helix_factors_(bHLH)']	6.56217
0.19711	0.720648	0.063215	0.019027
0.008707	0.00955	0.97489	0.006853
0.008542	0.007715	0.95967	0.024073
0.942313	0.019377	0.020852	0.017458
0.699181	0.022765	0.020928	0.257126
0.404512	0.132477	0.44875	0.01426
0.005917	0.961185	0.009945	0.022953
0.936157	0.01226	0.039308	0.012275
0.0115	0.269848	0.680864	0.037788
0.068437	0.392019	0.527731	0.011813
0.016967	0.038597	0.02899	0.915445
0.009598	0.007595	0.959952	0.022855
>CAKCTGYYYYYY	AC0077:LYL/OLIG:bHLH	6.1077
0.387355	0.191006	0.267212	0.154426
0.27271	0.12146	0.494857	0.110973
0.288833	0.18507	0.45138	0.074717
0.4165	0.17408	0.26425	0.14517
0.53331	0.124917	0.294503	0.04727
0.40745	0.211673	0.368003	0.012873
0.04168	0.885383	0.068867	0.00407
0.937807	0.004873	0.006	0.05132
0.046973	0.038717	0.794229	0.12008
0.328902	0.582021	0.065277	0.0238
0.141563	0.02612	0.02559	0.806727
0.056817	0.014163	0.825122	0.103897
>CAGCTG	AC0078:NHLH/TFAP:bHLH	6.72649
0.00537	0.975856	0.016348	0.002426
0.967527	0.01483	0.004786	0.012857
0.005414	0.10864	0.843869	0.042077
0.039793	0.86919	0.084855	0.006162
0.011043	0.003522	0.004715	0.98072
0.002517	0.002343	0.991798	0.003342
>YWTCCGGCAGCTGC	AC0079:ERF::NHLH:['Tryptophan_cluster_factors',_'Basic_helix-loop-helix_factors_(bHLH)']	6.73587
0	0.04308	0.892301	0.064619
0.01412	0.89548	0.03955	0.05085
1	0	0	0
0.00305	0.03354	0.878041	0.085369
0.077149	0.893171	0.00594	0.02374
0.02725	0.0545	0.03542	0.88283
0.0029	0.03478	0.91884	0.04348
0	0.95758	0.01818	0.02424
0.03419	0.93162	0.03134	0.00285
0.07521	0	0.90529	0.0195
0.01133	0.02833	0.88669	0.07365
0.900009	0.058331	0.00833	0.03333
0.71726	0	0.03274	0.25
0.34036	0.00904	0.53012	0.12048
>CTMAKCAGKTGMWG	AC0080:ZNF:C2H2_ZF	6.28087
0.0252	0.88852	0.05414	0.03214
0.262535	0.1424	0.14615	0.448915
0.014965	0.047075	0.289215	0.648745
0.03214	0.866115	0.00926	0.092485
0.65931	0.19456	0.089175	0.056955
0.347955	0.5553	0.047495	0.04925
0.04056	0.94662	0.00726	0.00556
0.00803	0.034845	0.02014	0.936985
0.04889	0.01556	0.92482	0.01073
0.589548	0.343657	0.049125	0.01767
0.007795	0.034905	0.00556	0.95174
0.097755	0.079005	0.425645	0.397595
0.702385	0.06924	0.1853	0.043075
0.18873	0.09588	0.589215	0.126175
>ACCTGTTGM	AC0081:SCRT:C2H2_ZF	6.62153
0.026279	0.038871	0.667764	0.267086
0.00589	0.97223	0.004868	0.017012
0.858616	0.044452	0.071067	0.025865
0.986506	0.001191	0.007836	0.004467
0.002493	0.995368	0.001094	0.001045
0.992756	0.001637	0.000779	0.004828
0.116263	0.003706	0.874421	0.00561
0.005889	0.004133	0.982665	0.007313
0.005102	0.010427	0.002481	0.98199
>CAGGTG	AC0082:SNAI:C2H2_ZF	5.85494
0.218805	0.532915	0.059325	0.188955
0.93866	9e-05	0.00067	0.06058
0.10425	0.79039	0.000195	0.105165
0.0911	0.665595	0.03685	0.206455
0.080019	0.001065	9e-05	0.918826
0.127705	0.00701	0.72873	0.136555
>CAGGTG	AC0083:SNAI/TCF:bHLH	6.19991
0.014533	0.941169	0.005586	0.038712
0.976795	0.007876	0.005738	0.009591
0.001746	0.92097	0.050789	0.026495
0.012281	0.936986	0.033202	0.017531
0.007068	0.009647	0.004593	0.978692
0.014485	0.014727	0.945131	0.025657
>MCATATGKY	AC0084:OLIG/NEUROG:bHLH	6.0178
0.590368	0.064238	0.291315	0.054079
0.379336	0.435899	0.151166	0.033599
0.018139	0.970637	0.00972	0.001504
0.936371	0.003748	0.048611	0.01127
0.025121	0.052199	0.039598	0.883082
0.878446	0.043978	0.053928	0.023648
0.008919	0.053126	0.003556	0.934399
0.001607	0.01199	0.969253	0.01715
0.031976	0.186235	0.386941	0.394847
>AHTRACAGCWGAYTT	AC0085:ZNF:C2H2_ZF	6.3228
0.566387	0.12906	0.132005	0.172548
0.630002	0.050625	0.081107	0.238266
0.296537	0.041853	0.606913	0.054697
0.012525	0.011255	0.0099	0.96632
0.028442	0.918192	0.006093	0.047272
0.416621	0.025112	0.053718	0.504549
0.028992	0.01986	0.826598	0.12455
0.027922	0.859971	0.026815	0.085292
0.11006	0.068507	0.01488	0.806552
0.038942	0.007675	0.94269	0.010693
0.08735	0.06205	0.032673	0.817927
0.101375	0.480306	0.077765	0.340554
0.538385	0.156409	0.115849	0.189357
0.273146	0.172651	0.242486	0.311718
0.150672	0.196663	0.140838	0.511827
>TGACASCTGTCA	AC0086:MEIS/PKNOX:Homeodomain	6.56484
0.050025	0.096656	0.028237	0.825082
0.014023	0.033448	0.94117	0.011359
0.847903	0.013702	0.038911	0.099484
0.007729	0.967588	0.006965	0.017718
0.930695	0.004485	0.057965	0.006855
0.017078	0.221913	0.621613	0.139396
0.131227	0.596923	0.250158	0.021692
0.008169	0.064371	0.004068	0.923392
0.018903	0.007964	0.953955	0.019178
0.098084	0.049326	0.016808	0.835782
0.013058	0.925615	0.041325	0.020002
0.789661	0.042808	0.10695	0.060581
>CTGTCA	AC0087:MEIS/TGIF:Homeodomain	6.45261
0.061702	0.029772	0.029521	0.879005
0.000364	0.003413	0.995859	0.000364
0.946503	0.007571	0.026081	0.019845
0.009595	0.973105	0.008378	0.008922
0.924806	0.002626	0.054585	0.017983
0.12713	0.133539	0.623676	0.115655
>TGMATAATTAAT	AC0088:POU4F/POU5F:Homeodomain,POU	6.43711
0.822544	0.056981	0.078432	0.042043
0.008772	0.031251	0.00788	0.952097
0.192172	0.089964	0.06253	0.655334
0.87695	0.02772	0.010617	0.084713
0.842614	0.021089	0.02337	0.112927
0.158757	0.036913	0.034199	0.770131
0.194118	0.016401	0.019974	0.769507
0.969677	0.002329	0.002323	0.025671
0.037849	0.005378	0.009679	0.947094
0.016918	0.003877	0.618985	0.36022
0.073609	0.773435	0.036999	0.115957
0.703442	0.057437	0.168819	0.070301
>TRMATWATKCA	AC0089:POU4F:Homeodomain,POU	6.25699
0.00285	0.033338	0.008588	0.955224
0.180689	0.099254	0.593991	0.126066
0.351321	0.563928	0.006538	0.078213
0.934508	0.013679	0.036473	0.01534
0.02738	0.017353	0.01915	0.936117
0.430745	0.041986	0.071614	0.455655
0.947113	0.011675	0.016993	0.024219
0.063605	0.04514	0.042941	0.848314
0.099493	0.038207	0.400075	0.462226
0.181777	0.421487	0.15522	0.241516
0.885909	0.030066	0.053519	0.030506
>GCATAAATTA	AC0090:POU3F/POU1F:Homeodomain,POU	6.3584
0.025697	0.033111	0.015403	0.925789
0.899891	0.025751	0.041157	0.033201
0.984575	0.006201	0.008301	0.000923
0.05255	0.047603	0.028764	0.871083
0.06873	0.01362	0.201713	0.715937
0.15135	0.05498	0.013721	0.779949
0.977003	0.004321	0.015376	0.0033
0.006169	0.034667	0.008371	0.950793
0.004499	0.000183	0.866367	0.128951
0.022701	0.922224	0.016329	0.038746
>ATGAATWWATKCAT	AC0091:POU3F:Homeodomain,POU	6.75775
0.82353	0.11765	0	0.05882
0	0.05882	0	0.94118
0.11765	0	0.88235	0
0.47059	0.52941	0	0
1	0	0	0
0	0	0	1
0.35714	0	0	0.64286
0.5	0	0	0.5
0.88235	0	0	0.11765
0.05882	0	0	0.94118
0	0	0	1
0.11765	0.70588	0	0.17647
1	0	0	0
0	0	0	1
>AATAHAT	AC0092:DMRT/HOXB:DM	6.04242
0.999355	0.000215	0.000215	0.000215
0.000215	0.000215	0.000215	0.999355
0.414472	0.000215	0.293941	0.291371
0.051996	0.050536	0.000215	0.897254
0.904995	0.000215	0.000215	0.094575
0.144	0.000215	0.000215	0.85557
0.20394	0.110205	0.061395	0.62446
>TRTTTAT	AC0093:FOXC/HOXA:Forkhead	5.99523
0.903525	0.000145	0.096185	0.000145
0.000145	0.000145	0.000145	0.999565
0.89774	0.000145	0.000145	0.10197
0.949345	0.050365	0.000145	0.000145
0.753051	0.000145	0.047445	0.199359
0.17199	0.332135	0.06926	0.426615
0.443647	0.234901	0.08655	0.234901
>ATATAATA	AC0094:NR1H/WT:Nuclear_receptor	5.81874
0.07394	0.07394	0.121544	0.730576
0.637025	0.141925	0.037595	0.183455
0.15951	0.01244	0.06296	0.76509
0.00034	0.00034	0.00034	0.99898
0.79868	0.00034	0.098145	0.102835
0.05998	0.114616	0.012375	0.813029
0.682957	0.03853	0.094976	0.183537
0.175219	0.125669	0.077095	0.622017
>WWATATAT	AC0095:WT/FOXC:C2H2_ZF	5.80827
0.595544	0.081734	0.185576	0.137146
0.099634	0.088711	0.028657	0.782998
0.764935	0.021307	0.050381	0.163377
0.18723	0.028996	0.02722	0.756554
0.842967	0.000316	0.056036	0.100681
0.099034	0.043869	0.042229	0.814868
0.25941	0.005157	0.060621	0.674812
0.531331	0.10411	0.104174	0.260385
>RTCMATCA	AC0096:PBX/HOXA:Homeodomain	6.18611
0.058876	0.027189	0.11967	0.794266
0.046714	0.032035	0.900405	0.020846
0.846589	0.039145	0.057424	0.056842
0.049759	0.054145	0.081301	0.814795
0.031732	0.02012	0.268741	0.679407
0.030551	0.028008	0.937935	0.003506
0.858052	0.04085	0.07419	0.026908
0.016511	0.264167	0.048206	0.671116
>WTGATTRAT	AC0097:HOXB/PBX:Homeodomain	6.68305
0.881283	0.020833	0.022757	0.075127
0.0625	0.083333	0.031543	0.822624
0.152237	0.38053	0.041667	0.425567
0.9375	0.020833	0	0.041667
0.958333	0	0	0.041667
0.041667	0	0	0.958333
0.083333	0.82565	0	0.091017
0.945707	0	0.03346	0.020833
0.689892	0.016563	0.005853	0.287692
>TGATTKATK	AC0098:MEIS/PBX:Homeodomain	6.34805
0.241765	0.570368	0.036215	0.151652
0.832768	0.021627	0.079817	0.065788
0.031945	0.037462	0.014327	0.916266
0.577034	0.311523	0.032405	0.079038
0.887342	0.038293	0.006162	0.068203
0.903925	0.024762	0.045358	0.025955
0.02278	0.035345	0.009528	0.932347
0.058775	0.858608	0.012137	0.07048
0.810339	0.033583	0.019715	0.136363
>TGACTGMAYATTCA	AC0099:SOX:Sox	7.24637
0	0	0.00133	0.99867
0.00133	0.00381	0.994527	0.000333
0.999001	0.000333	0.000333	0.000333
0.999333	0	0.000667	0
0.000333	0	0	0.999667
0.279679	0.00534	0.699021	0.01596
0.00239	0	0.00396	0.99365
0.057087	0.04495	0.47297	0.424993
0.001867	0.997466	0.000667	0
0.996947	0.000333	0.001527	0.001193
0	0	0.992853	0.007147
0.000333	0.000667	0.000667	0.998333
0	0.998007	0.000333	0.00166
0.996974	0.00236	0.000333	0.000333
>GAATATKCA	AC0100:POU2F:Homeodomain,POU	6.44158
0.07551	0.095875	0.07847	0.750146
0.01215	0	0.98628	0.00157
0.649375	0.33926	0.011365	0
0.980875	0.00388	0.011365	0.00388
0	0	0.00079	0.99921
0.952105	0.00767	0.01443	0.025795
0.045455	0.034945	0.026545	0.893056
0.02273	0.04909	0.16894	0.75924
0.07317	0.817715	0.060975	0.04814
>AWTTATKCA	AC0101:POU3F/POU2F:Homeodomain,POU	5.97016
0.110438	0.123267	0.038227	0.728068
0.144049	0.023479	0.795941	0.036531
0.24884	0.703987	0.011109	0.036064
0.863034	0.043421	0.060709	0.032836
0.017963	0.01882	0.004569	0.958648
0.757029	0.035072	0.063496	0.144403
0.704837	0.077911	0.038626	0.178626
0.26386	0.073636	0.065291	0.597213
0.102992	0.122526	0.211884	0.562597
>TGMATATKCA	AC0102:POU2F/POU3F:Homeodomain,POU	5.92154
0.14039	0.072911	0.063452	0.723246
0.234587	0.053972	0.633129	0.078312
0.467827	0.450903	0.047458	0.033811
0.760996	0.029614	0.055057	0.154333
0.152347	0.026118	0.023418	0.798117
0.847741	0.020778	0.020722	0.110759
0.188844	0.067506	0.054302	0.689348
0.076278	0.039747	0.468746	0.41523
0.126889	0.608654	0.066747	0.19771
0.725167	0.062413	0.07529	0.137131
>ATGCGCATA	AC0103:POU3F/POU2F:Homeodomain,POU	6.17574
0.100496	0.119226	0.089287	0.69099
0.881099	0.013639	0.070126	0.035136
0.014551	0.048923	0.02994	0.906586
0.041784	0.02892	0.889848	0.039448
0.013934	0.855845	0.016567	0.113654
0.091311	0.012781	0.876832	0.019076
0.051827	0.867561	0.023133	0.057479
0.95053	0.006071	0.024294	0.019105
0.037556	0.046906	0.009061	0.906477
>TTTATA	AC0104:HOXD/TBP:Homeodomain	5.63075
0.07525	0.09376	0.221729	0.609262
0.81647	3.5e-05	0.07775	0.105745
3.5e-05	3.5e-05	3.5e-05	0.999895
0.90617	3.5e-05	3.5e-05	0.09376
0.98254	3.5e-05	3.5e-05	0.01739
0.91784	0.01068	0.042595	0.028885
>KWTACKTCTTHCTG	AC0105:SPDEF:Ets	6.63694
0.05199	0.843489	0.068965	0.035555
0.898145	0.05369	0.031505	0.01666
0.02255	0.0075	0.95805	0.0119
0.355525	0.072745	0.23423	0.3375
0.99501	0.00197	0.000345	0.002675
0.983265	0.00483	0.011905	0
0.217994	0.00925	0.767551	0.005205
0.883036	0.002235	0.108014	0.006715
0.64864	0.32539	0.00319	0.02278
0.005695	0.02901	0.965295	0
0.011125	0.006195	0.065815	0.916865
0.94524	0	0.01158	0.04318
0.5496	0.00026	0	0.45014
0.50321	0.30096	0.00142	0.19441
>ATACTTA	AC0106:NKX:Homeodomain	6.00017
